[gd_scene load_steps=28 format=3 uid="uid://bsrp83x3n8kbo"]

[ext_resource type="PackedScene" uid="uid://dxpwriiuhlcbo" path="res://SK_merge_tool_01/art/Black Cat Fire Base.vrm" id="1_vlwwy"]
[ext_resource type="Script" path="res://addons/skeleton_merge_tool/merged_skeleton.gd" id="2_xt0sa"]
[ext_resource type="PackedScene" uid="uid://cwu4jj0n185ff" path="res://SK_merge_tool_01/art/mire_dress.scn" id="3_qflw3"]
[ext_resource type="Animation" uid="uid://djjjfn1fylrse" path="res://SK_merge_tool_01/art/ANIM_mocap_lyuma_08.tres" id="4_hpi4v"]

[sub_resource type="Skin" id="Skin_6lcym"]
resource_name = "Skin"
bind_count = 117
bind/0/name = &"Hips"
bind/0/bone = -1
bind/0/pose = Transform3D(1, 0, 0, 0, 1, 0, 0, 0, 1, 6.27579e-16, -0.972233, -0.0324503)
bind/1/name = &"Skirt.Root"
bind/1/bone = -1
bind/1/pose = Transform3D(1, 0, 0, 0, 1, 0, 0, 0, 1, -1.55431e-15, -0.879342, -0.041588)
bind/2/name = &"Skirt.F"
bind/2/bone = -1
bind/2/pose = Transform3D(1, 0, 0, 0, 1, 0, 0, 0, 1, 0, -1.02016, -0.132947)
bind/3/name = &"Skirt.F.001"
bind/3/bone = -1
bind/3/pose = Transform3D(1, 0, 0, 0, 1, 0, 0, 0, 1, 7.18869e-10, -0.900637, -0.152267)
bind/4/name = &"Skirt.F.002"
bind/4/bone = -1
bind/4/pose = Transform3D(1, 0, 0, 0, 1, 0, 0, 0, 1, 7.18867e-10, -0.781109, -0.171586)
bind/5/name = &"Skirt.B.R"
bind/5/bone = -1
bind/5/pose = Transform3D(1, 0, 0, 0, 1, 0, 0, 0, 1, 0.057633, -1.03124, 0.0371857)
bind/6/name = &"Skirt.B.R.001"
bind/6/bone = -1
bind/6/pose = Transform3D(1, 0, 0, 0, 1, 0, 0, 0, 1, 0.0843465, -0.918395, 0.095699)
bind/7/name = &"Skirt.B.R.002"
bind/7/bone = -1
bind/7/pose = Transform3D(1, 0, 0, 0, 1, 0, 0, 0, 1, 0.11106, -0.805547, 0.154212)
bind/8/name = &"Skirt.B.L"
bind/8/bone = -1
bind/8/pose = Transform3D(1, 0, 0, 0, 1, 0, 0, 0, 1, -0.057633, -1.03124, 0.0371857)
bind/9/name = &"Skirt.B.L.001"
bind/9/bone = -1
bind/9/pose = Transform3D(1, 0, 0, 0, 1, 0, 0, 0, 1, -0.0843465, -0.918395, 0.095699)
bind/10/name = &"Skirt.B.L.002"
bind/10/bone = -1
bind/10/pose = Transform3D(1, 0, 0, 0, 1, 0, 0, 0, 1, -0.11106, -0.805547, 0.154212)
bind/11/name = &"Skirt.S.R"
bind/11/bone = -1
bind/11/pose = Transform3D(1, 0, 0, 0, 1, 0, 0, 0, 1, 0.115838, -1.04689, -0.0297122)
bind/12/name = &"Skirt.S.R.001"
bind/12/bone = -1
bind/12/pose = Transform3D(1, 0, 0, 0, 1, 0, 0, 0, 1, 0.203392, -0.929381, 0.00343686)
bind/13/name = &"Skirt.S.R.002"
bind/13/bone = -1
bind/13/pose = Transform3D(1, 0, 0, 0, 1, 0, 0, 0, 1, 0.290946, -0.811868, 0.0365859)
bind/14/name = &"Skirt.S.L"
bind/14/bone = -1
bind/14/pose = Transform3D(1, 0, 0, 0, 1, 0, 0, 0, 1, -0.115838, -1.04689, -0.0297122)
bind/15/name = &"Skirt.S.L.001"
bind/15/bone = -1
bind/15/pose = Transform3D(1, 0, 0, 0, 1, 0, 0, 0, 1, -0.203392, -0.929381, 0.00343687)
bind/16/name = &"Skirt.S.L.002"
bind/16/bone = -1
bind/16/pose = Transform3D(1, 0, 0, 0, 1, 0, 0, 0, 1, -0.290946, -0.811868, 0.036586)
bind/17/name = &"Skirt.F.R"
bind/17/bone = -1
bind/17/pose = Transform3D(1, 0, 0, 0, 1, 0, 0, 0, 1, 0.0563565, -1.04014, -0.113791)
bind/18/name = &"Skirt.F.R.001"
bind/18/bone = -1
bind/18/pose = Transform3D(1, 0, 0, 0, 1, 0, 0, 0, 1, 0.136329, -0.911103, -0.144936)
bind/19/name = &"Skirt.F.R.002"
bind/19/bone = -1
bind/19/pose = Transform3D(1, 0, 0, 0, 1, 0, 0, 0, 1, 0.216302, -0.782068, -0.176081)
bind/20/name = &"Skirt.F.L"
bind/20/bone = -1
bind/20/pose = Transform3D(1, 0, 0, 0, 1, 0, 0, 0, 1, -0.0563565, -1.04014, -0.113791)
bind/21/name = &"Skirt.F.L.001"
bind/21/bone = -1
bind/21/pose = Transform3D(1, 0, 0, 0, 1, 0, 0, 0, 1, -0.136329, -0.911103, -0.144936)
bind/22/name = &"Skirt.F.L.002"
bind/22/bone = -1
bind/22/pose = Transform3D(1, 0, 0, 0, 1, 0, 0, 0, 1, -0.216302, -0.782068, -0.176081)
bind/23/name = &"Tail.Root"
bind/23/bone = -1
bind/23/pose = Transform3D(1, 0, 0, 0, 1, 0, 0, 0, 1, -2.66454e-15, -0.989221, 0.00967031)
bind/24/name = &"Tail"
bind/24/bone = -1
bind/24/pose = Transform3D(1, 0, 0, 0, 1, 0, 0, 0, 1, 3.01492e-16, -0.988166, 0.0444402)
bind/25/name = &"Tail.001"
bind/25/bone = -1
bind/25/pose = Transform3D(1, 0, 0, 0, 1, 0, 0, 0, 1, 3.01492e-16, -0.991797, 0.126605)
bind/26/name = &"Tail.002"
bind/26/bone = -1
bind/26/pose = Transform3D(1, 0, 0, 0, 1, 0, 0, 0, 1, 4.34138e-16, -1.02182, 0.176242)
bind/27/name = &"Butt.R"
bind/27/bone = -1
bind/27/pose = Transform3D(1, 0, 0, 0, 1, 0, 0, 0, 1, 0.0758076, -0.929406, 0.0113762)
bind/28/name = &"Butt.L"
bind/28/bone = -1
bind/28/pose = Transform3D(1, 0, 0, 0, 1, 0, 0, 0, 1, -0.0758076, -0.929406, 0.0113762)
bind/29/name = &"RightUpperLeg"
bind/29/bone = -1
bind/29/pose = Transform3D(-1, 0, 0, 0, -1, 0, 0, 0, 1, -0.0995714, 0.929406, -0.0346201)
bind/30/name = &"RightLowerLeg"
bind/30/bone = -1
bind/30/pose = Transform3D(1, 0, 0, 0, -1, 0, 0, 0, -1, 0.0995916, 0.519463, 0.0377799)
bind/31/name = &"RightFoot"
bind/31/bone = -1
bind/31/pose = Transform3D(-0.999931, -0.00509596, 0.0105489, 0.0117153, -0.434953, 0.900377, -8.67362e-19, 0.900439, 0.434983, -0.0990965, 0.0428423, -0.0585237)
bind/32/name = &"RightToes"
bind/32/bone = -1
bind/32/pose = Transform3D(0.999931, 0.00509596, -0.0105489, 0.0117153, -0.434953, 0.900377, 8.67362e-19, -0.900439, -0.434983, 0.0990965, -0.100772, 0.0585237)
bind/33/name = &"LeftUpperLeg"
bind/33/bone = -1
bind/33/pose = Transform3D(-1, 0, 0, 0, -1, 0, 0, 0, 1, 0.0995714, 0.929406, -0.0346201)
bind/34/name = &"LeftLowerLeg"
bind/34/bone = -1
bind/34/pose = Transform3D(1, 0, 0, 0, -1, 0, 0, 0, -1, -0.0995916, 0.519463, 0.0377799)
bind/35/name = &"LeftFoot"
bind/35/bone = -1
bind/35/pose = Transform3D(-0.999931, 0.00509596, -0.0105489, -0.0117153, -0.434953, 0.900377, 0, 0.900439, 0.434983, 0.0990965, 0.0428423, -0.0585237)
bind/36/name = &"LeftToes"
bind/36/bone = -1
bind/36/pose = Transform3D(0.999931, -0.00509596, 0.0105489, -0.0117153, -0.434953, 0.900377, 0, -0.900439, -0.434983, -0.0990965, -0.100772, 0.0585237)
bind/37/name = &"Spine"
bind/37/bone = -1
bind/37/pose = Transform3D(1, 0, 0, 0, 1, 0, 0, 0, 1, -1.98279e-15, -1.04238, -0.032508)
bind/38/name = &"Chest"
bind/38/bone = -1
bind/38/pose = Transform3D(1, 0, 0, 0, 1, 0, 0, 0, 1, -1.61888e-14, -1.19268, -0.032508)
bind/39/name = &"Breasts.R"
bind/39/bone = -1
bind/39/pose = Transform3D(1, 0, 0, 0, 1, 0, 0, 0, 1, 0.0542519, -1.27952, -0.0693603)
bind/40/name = &"Breasts_2.R"
bind/40/bone = -1
bind/40/pose = Transform3D(1, 0, 0, 0, 1, 0, 0, 0, 1, 0.0620551, -1.28543, -0.122625)
bind/41/name = &"Breasts.L"
bind/41/bone = -1
bind/41/pose = Transform3D(1, 0, 0, 0, 1, 0, 0, 0, 1, -0.0542519, -1.27952, -0.0693603)
bind/42/name = &"Breasts_2.L"
bind/42/bone = -1
bind/42/pose = Transform3D(1, 0, 0, 0, 1, 0, 0, 0, 1, -0.0620551, -1.28543, -0.122625)
bind/43/name = &"RightShoulder"
bind/43/bone = -1
bind/43/pose = Transform3D(0, 0, -1, -1, 0, 0, 0, 1, 0, -0.0149503, -0.0330839, -1.38719)
bind/44/name = &"RightUpperArm"
bind/44/bone = -1
bind/44/pose = Transform3D(0.0469753, 0.0345999, 0.998297, -0.803795, -0.592039, 0.0583423, 0.593049, -0.805166, 3.46945e-18, -0.0285933, 0.745512, 1.17346)
bind/45/name = &"RightLowerArm"
bind/45/bone = -1
bind/45/pose = Transform3D(-0.593049, 0.805166, -3.46945e-18, -0.803795, -0.592039, 0.0583423, 0.0469753, 0.0345999, 0.998297, -1.17346, 0.456215, -0.0285933)
bind/46/name = &"RightHand"
bind/46/bone = -1
bind/46/pose = Transform3D(0.0469753, 0.0345999, 0.998297, -0.803795, -0.592039, 0.0583423, 0.593049, -0.805166, 3.46945e-18, -0.0256868, 0.216203, 1.16411)
bind/47/name = &"RightLittleProximal"
bind/47/bone = -1
bind/47/pose = Transform3D(0.0469753, 0.0345999, 0.998297, -0.803795, -0.592039, 0.0583423, 0.593049, -0.805166, 3.46945e-18, 0.0157547, 0.146597, 1.15266)
bind/48/name = &"RightLittleIntermediate"
bind/48/bone = -1
bind/48/pose = Transform3D(0.0469753, 0.0345999, 0.998297, -0.803795, -0.592039, 0.0583423, 0.593049, -0.805166, 3.46945e-18, 0.017109, 0.11874, 1.15489)
bind/49/name = &"RightLittleDistal"
bind/49/bone = -1
bind/49/pose = Transform3D(0.0469753, 0.0345999, 0.998297, -0.803795, -0.592039, 0.0583423, 0.593049, -0.805166, 3.46945e-18, 0.0181061, 0.102162, 1.1548)
bind/50/name = &"RightRingProximal"
bind/50/bone = -1
bind/50/pose = Transform3D(0.0469753, 0.0345999, 0.998297, -0.803795, -0.592039, 0.0583423, 0.593049, -0.805166, 3.46945e-18, -0.00169412, 0.128188, 1.15911)
bind/51/name = &"RightRingIntermediate"
bind/51/bone = -1
bind/51/pose = Transform3D(0.0469753, 0.0345999, 0.998297, -0.803795, -0.592039, 0.0583423, 0.593049, -0.805166, 3.46945e-18, 0.00058631, 0.0977853, 1.15754)
bind/52/name = &"RightRingDistal"
bind/52/bone = -1
bind/52/pose = Transform3D(0.0469753, 0.0345999, 0.998297, -0.803795, -0.592039, 0.0583423, 0.593049, -0.805166, 3.46945e-18, 0.0014889, 0.0797271, 1.15731)
bind/53/name = &"RightMiddleProximal"
bind/53/bone = -1
bind/53/pose = Transform3D(0.0469753, 0.0345999, 0.998297, -0.803795, -0.592039, 0.0583423, 0.593049, -0.805166, 3.46945e-18, -0.0227259, 0.123725, 1.16631)
bind/54/name = &"RightMiddleIntermediate"
bind/54/bone = -1
bind/54/pose = Transform3D(0.0469753, 0.0345999, 0.998297, -0.803795, -0.592039, 0.0583423, 0.593049, -0.805166, 3.46945e-18, -0.021115, 0.0874049, 1.16535)
bind/55/name = &"RightMiddleDistal"
bind/55/bone = -1
bind/55/pose = Transform3D(0.0469753, 0.0345999, 0.998297, -0.803795, -0.592039, 0.0583423, 0.593049, -0.805166, 3.46945e-18, -0.0204382, 0.067726, 1.16293)
bind/56/name = &"RightIndexProximal"
bind/56/bone = -1
bind/56/pose = Transform3D(0.0469753, 0.0345999, 0.998297, -0.803795, -0.592039, 0.0583423, 0.593049, -0.805166, 3.46945e-18, -0.0463161, 0.123028, 1.16674)
bind/57/name = &"RightIndexIntermediate"
bind/57/bone = -1
bind/57/pose = Transform3D(0.0469753, 0.0345999, 0.998297, -0.803795, -0.592039, 0.0583423, 0.593049, -0.805166, 3.46945e-18, -0.0441057, 0.0916221, 1.16569)
bind/58/name = &"RightIndexDistal"
bind/58/bone = -1
bind/58/pose = Transform3D(0.0469753, 0.0345999, 0.998297, -0.803795, -0.592039, 0.0583423, 0.593049, -0.805166, 3.46945e-18, -0.0427217, 0.071951, 1.16705)
bind/59/name = &"RightThumbMetacarpal"
bind/59/bone = -1
bind/59/pose = Transform3D(0.937328, -0.346969, -0.0320808, -0.285347, -0.817263, 0.501872, -0.200352, -0.461264, -0.86505, 0.858124, 0.684117, 0.410445)
bind/60/name = &"RightThumbProximal"
bind/60/bone = -1
bind/60/pose = Transform3D(0.937328, -0.346969, -0.0320808, -0.285347, -0.817263, 0.501872, -0.200352, -0.461264, -0.86505, 0.858124, 0.647607, 0.410445)
bind/61/name = &"RightThumbDistal"
bind/61/bone = -1
bind/61/pose = Transform3D(0.937328, -0.346969, -0.0320808, -0.285347, -0.817263, 0.501872, -0.200352, -0.461264, -0.86505, 0.863383, 0.620823, 0.406215)
bind/62/name = &"LeftShoulder"
bind/62/bone = -1
bind/62/pose = Transform3D(0, 0, 1, 1, 0, 0, 0, 1, 0, 0.0149503, -0.0330839, -1.38719)
bind/63/name = &"LeftUpperArm"
bind/63/bone = -1
bind/63/pose = Transform3D(0.0469753, -0.0345999, -0.998297, 0.803795, -0.592039, 0.0583423, -0.593049, -0.805166, 3.46945e-18, 0.0285933, 0.745512, 1.17346)
bind/64/name = &"LeftLowerArm"
bind/64/bone = -1
bind/64/pose = Transform3D(-0.593049, -0.805166, 3.46945e-18, 0.803795, -0.592039, 0.0583423, -0.0469753, 0.0345999, 0.998297, 1.17346, 0.456215, -0.0285933)
bind/65/name = &"LeftHand"
bind/65/bone = -1
bind/65/pose = Transform3D(0.0469753, -0.0345999, -0.998297, 0.803795, -0.592039, 0.0583423, -0.593049, -0.805166, 3.46945e-18, 0.0256868, 0.216203, 1.16411)
bind/66/name = &"LeftLittleProximal"
bind/66/bone = -1
bind/66/pose = Transform3D(0.0469753, -0.0345999, -0.998297, 0.803795, -0.592039, 0.0583423, -0.593049, -0.805166, 3.46945e-18, -0.0157547, 0.146597, 1.15266)
bind/67/name = &"LeftLittleIntermediate"
bind/67/bone = -1
bind/67/pose = Transform3D(0.0469753, -0.0345999, -0.998297, 0.803795, -0.592039, 0.0583423, -0.593049, -0.805166, 3.46945e-18, -0.017109, 0.11874, 1.15489)
bind/68/name = &"LeftLittleDistal"
bind/68/bone = -1
bind/68/pose = Transform3D(0.0469753, -0.0345999, -0.998297, 0.803795, -0.592039, 0.0583423, -0.593049, -0.805166, 3.46945e-18, -0.0181061, 0.102162, 1.1548)
bind/69/name = &"LeftRingProximal"
bind/69/bone = -1
bind/69/pose = Transform3D(0.0469753, -0.0345999, -0.998297, 0.803795, -0.592039, 0.0583423, -0.593049, -0.805166, 3.46945e-18, 0.00169412, 0.128188, 1.15911)
bind/70/name = &"LeftRingIntermediate"
bind/70/bone = -1
bind/70/pose = Transform3D(0.0469753, -0.0345999, -0.998297, 0.803795, -0.592039, 0.0583423, -0.593049, -0.805166, 3.46945e-18, -0.000586309, 0.0977852, 1.15754)
bind/71/name = &"LeftRingDistal"
bind/71/bone = -1
bind/71/pose = Transform3D(0.0469753, -0.0345999, -0.998297, 0.803795, -0.592039, 0.0583423, -0.593049, -0.805166, 3.46945e-18, -0.0014889, 0.0797271, 1.15731)
bind/72/name = &"LeftMiddleProximal"
bind/72/bone = -1
bind/72/pose = Transform3D(0.0469753, -0.0345999, -0.998297, 0.803795, -0.592039, 0.0583423, -0.593049, -0.805166, 3.46945e-18, 0.0227259, 0.123725, 1.16631)
bind/73/name = &"LeftMiddleIntermediate"
bind/73/bone = -1
bind/73/pose = Transform3D(0.0469753, -0.0345999, -0.998297, 0.803795, -0.592039, 0.0583423, -0.593049, -0.805166, 3.46945e-18, 0.021115, 0.0874051, 1.16535)
bind/74/name = &"LeftMiddleDistal"
bind/74/bone = -1
bind/74/pose = Transform3D(0.0469753, -0.0345999, -0.998297, 0.803795, -0.592039, 0.0583423, -0.593049, -0.805166, 3.46945e-18, 0.0204382, 0.0677261, 1.16293)
bind/75/name = &"LeftIndexProximal"
bind/75/bone = -1
bind/75/pose = Transform3D(0.0469753, -0.0345999, -0.998297, 0.803795, -0.592039, 0.0583423, -0.593049, -0.805166, 3.46945e-18, 0.0463161, 0.123027, 1.16674)
bind/76/name = &"LeftIndexIntermediate"
bind/76/bone = -1
bind/76/pose = Transform3D(0.0469753, -0.0345999, -0.998297, 0.803795, -0.592039, 0.0583423, -0.593049, -0.805166, 3.46945e-18, 0.0441057, 0.0916221, 1.16569)
bind/77/name = &"LeftIndexDistal"
bind/77/bone = -1
bind/77/pose = Transform3D(0.0469753, -0.0345999, -0.998297, 0.803795, -0.592039, 0.0583423, -0.593049, -0.805166, 3.46945e-18, 0.0427216, 0.0719509, 1.16705)
bind/78/name = &"LeftThumbMetacarpal"
bind/78/bone = -1
bind/78/pose = Transform3D(0.937329, 0.346966, 0.0320809, 0.285345, -0.817264, 0.50187, 0.20035, -0.461263, -0.86505, -0.858122, 0.68412, 0.410445)
bind/79/name = &"LeftThumbProximal"
bind/79/bone = -1
bind/79/pose = Transform3D(0.937329, 0.346966, 0.0320809, 0.285345, -0.817264, 0.50187, 0.20035, -0.461263, -0.86505, -0.858122, 0.64761, 0.410445)
bind/80/name = &"LeftThumbDistal"
bind/80/bone = -1
bind/80/pose = Transform3D(0.937329, 0.346966, 0.0320809, 0.285345, -0.817264, 0.50187, 0.20035, -0.461263, -0.86505, -0.863381, 0.620826, 0.406215)
bind/81/name = &"Neck"
bind/81/bone = -1
bind/81/pose = Transform3D(1, 0, 0, 0, 1, 0, 0, 0, 1, -1.97876e-09, -1.42289, 0.0226079)
bind/82/name = &"Head"
bind/82/bone = -1
bind/82/pose = Transform3D(1, 0, 0, 0, 1, 0, 0, 0, 1, 0.000147431, -1.48675, 0.0150427)
bind/83/name = &"Hair.Root"
bind/83/bone = -1
bind/83/pose = Transform3D(1, 0, 0, 0, 1, 0, 0, 0, 1, 0.000147431, -1.62443, -2.27532e-05)
bind/84/name = &"Hair.Front"
bind/84/bone = -1
bind/84/pose = Transform3D(1, 0, 0, 0, 1, 0, 0, 0, 1, 0.000147431, -1.68937, -0.089345)
bind/85/name = &"Hair.Middle.R"
bind/85/bone = -1
bind/85/pose = Transform3D(1, 0, 0, 0, 1, 0, 0, 0, 1, 0.0308608, -1.6578, -0.11889)
bind/86/name = &"Hair.Middle.R.001"
bind/86/bone = -1
bind/86/pose = Transform3D(1, 0, 0, 0, 1, 0, 0, 0, 1, 0.0331231, -1.62816, -0.116894)
bind/87/name = &"Hair.Middle.L"
bind/87/bone = -1
bind/87/pose = Transform3D(1, 0, 0, 0, 1, 0, 0, 0, 1, -0.0308608, -1.6578, -0.11889)
bind/88/name = &"Hair.Middle.L.001"
bind/88/bone = -1
bind/88/pose = Transform3D(1, 0, 0, 0, 1, 0, 0, 0, 1, -0.0331231, -1.62816, -0.116894)
bind/89/name = &"Hair.Side.R"
bind/89/bone = -1
bind/89/pose = Transform3D(1, 0, 0, 0, 1, 0, 0, 0, 1, 0.0777873, -1.63254, -0.098051)
bind/90/name = &"Hair.Side.R.001"
bind/90/bone = -1
bind/90/pose = Transform3D(1, 0, 0, 0, 1, 0, 0, 0, 1, 0.0800495, -1.59563, -0.0954728)
bind/91/name = &"Hair.Side.L"
bind/91/bone = -1
bind/91/pose = Transform3D(1, 0, 0, 0, 1, 0, 0, 0, 1, -0.0777873, -1.63254, -0.098051)
bind/92/name = &"Hair.Side.L.001"
bind/92/bone = -1
bind/92/pose = Transform3D(1, 0, 0, 0, 1, 0, 0, 0, 1, -0.0800495, -1.59563, -0.0954728)
bind/93/name = &"Hair.Back"
bind/93/bone = -1
bind/93/pose = Transform3D(1, 0, 0, 0, 1, 0, 0, 0, 1, 0.000147431, -1.56414, 0.070732)
bind/94/name = &"Hair.Back.001"
bind/94/bone = -1
bind/94/pose = Transform3D(1, 0, 0, 0, 1, 0, 0, 0, 1, 0.000147431, -1.50427, 0.0749819)
bind/95/name = &"Ahoge"
bind/95/bone = -1
bind/95/pose = Transform3D(1, 0, 0, 0, 1, 0, 0, 0, 1, 0.000147431, -1.74237, -0.0121015)
bind/96/name = &"Ahoge.001"
bind/96/bone = -1
bind/96/pose = Transform3D(1, 0, 0, 0, 1, 0, 0, 0, 1, 0.0153724, -1.75854, -0.0101119)
bind/97/name = &"Ahoge.002"
bind/97/bone = -1
bind/97/pose = Transform3D(1, 0, 0, 0, 1, 0, 0, 0, 1, 0.0393953, -1.76779, 0.00132493)
bind/98/name = &"SideBang.R"
bind/98/bone = -1
bind/98/pose = Transform3D(1, 0, 0, 0, 1, 0, 0, 0, 1, 0.10461, -1.60641, -0.0327568)
bind/99/name = &"SideBang.R.001"
bind/99/bone = -1
bind/99/pose = Transform3D(1, 0, 0, 0, 1, 0, 0, 0, 1, 0.0980323, -1.5557, -0.0336795)
bind/100/name = &"SideBang.R.002"
bind/100/bone = -1
bind/100/pose = Transform3D(1, 0, 0, 0, 1, 0, 0, 0, 1, 0.0914541, -1.50498, -0.0381239)
bind/101/name = &"SideBang.R.003"
bind/101/bone = -1
bind/101/pose = Transform3D(1, 0, 0, 0, 1, 0, 0, 0, 1, 0.086247, -1.45426, -0.0543637)
bind/102/name = &"SideBang.R.004"
bind/102/bone = -1
bind/102/pose = Transform3D(1, 0, 0, 0, 1, 0, 0, 0, 1, 0.0825965, -1.41446, -0.0773399)
bind/103/name = &"SideBang.L"
bind/103/bone = -1
bind/103/pose = Transform3D(1, 0, 0, 0, 1, 0, 0, 0, 1, -0.10461, -1.60641, -0.0327568)
bind/104/name = &"SideBang.L.001"
bind/104/bone = -1
bind/104/pose = Transform3D(1, 0, 0, 0, 1, 0, 0, 0, 1, -0.0980323, -1.5557, -0.0336795)
bind/105/name = &"SideBang.L.002"
bind/105/bone = -1
bind/105/pose = Transform3D(1, 0, 0, 0, 1, 0, 0, 0, 1, -0.0914541, -1.50498, -0.0381239)
bind/106/name = &"SideBang.L.003"
bind/106/bone = -1
bind/106/pose = Transform3D(1, 0, 0, 0, 1, 0, 0, 0, 1, -0.086247, -1.45426, -0.0543637)
bind/107/name = &"SideBang.L.004"
bind/107/bone = -1
bind/107/pose = Transform3D(1, 0, 0, 0, 1, 0, 0, 0, 1, -0.0825965, -1.41446, -0.0773399)
bind/108/name = &"Ear.Root"
bind/108/bone = -1
bind/108/pose = Transform3D(1, 0, 0, 0, 1, 0, 0, 0, 1, 0.000147431, -1.61097, 0.0101548)
bind/109/name = &"Ear.R"
bind/109/bone = -1
bind/109/pose = Transform3D(1, 0, 0, 0, 1, 0, 0, 0, 1, 0.0878693, -1.59724, -0.00279514)
bind/110/name = &"Ear.R.001"
bind/110/bone = -1
bind/110/pose = Transform3D(1, 0, 0, 0, 1, 0, 0, 0, 1, 0.128788, -1.56411, 0.0079367)
bind/111/name = &"Ear.R.002"
bind/111/bone = -1
bind/111/pose = Transform3D(1, 0, 0, 0, 1, 0, 0, 0, 1, 0.152429, -1.53938, 0.00891146)
bind/112/name = &"Ear.L"
bind/112/bone = -1
bind/112/pose = Transform3D(1, 0, 0, 0, 1, 0, 0, 0, 1, -0.0878693, -1.59724, -0.00279514)
bind/113/name = &"Ear.L.001"
bind/113/bone = -1
bind/113/pose = Transform3D(1, 0, 0, 0, 1, 0, 0, 0, 1, -0.128788, -1.56411, 0.0079367)
bind/114/name = &"Ear.L.002"
bind/114/bone = -1
bind/114/pose = Transform3D(1, 0, 0, 0, 1, 0, 0, 0, 1, -0.152429, -1.53938, 0.00891146)
bind/115/name = &"RightEye"
bind/115/bone = -1
bind/115/pose = Transform3D(1, 0, 0, 0, 0, 1, 0, -1, 0, 0.041329, -0.017713, 1.57248)
bind/116/name = &"LeftEye"
bind/116/bone = -1
bind/116/pose = Transform3D(1, 0, 0, 0, 0, 1, 0, -1, 0, -0.041329, -0.017713, 1.57248)

[sub_resource type="Skin" id="Skin_y0xax"]
resource_local_to_scene = true
resource_name = "Skin"
bind_count = 117
bind/0/name = &"Hips"
bind/0/bone = -1
bind/0/pose = Transform3D(0.951413, 0, 0, 0, 0.951413, 0, 0, 0, 0.951413, 5.97087e-16, -0.924996, -0.0308737)
bind/1/name = &"Skirt.Root"
bind/1/bone = -1
bind/1/pose = Transform3D(0.951413, 0, 0, 0, 0.951413, 0, 0, 0, 0.951413, -1.5848e-15, -0.832104, -0.0400114)
bind/2/name = &"Skirt.F"
bind/2/bone = -1
bind/2/pose = Transform3D(0.951413, 0, 0, 0, 0.951413, 0, 0, 0, 0.951413, -3.0492e-17, -0.972923, -0.13137)
bind/3/name = &"Skirt.F.001"
bind/3/bone = -1
bind/3/pose = Transform3D(0.951413, 0, 0, 0, 0.951413, 0, 0, 0, 0.951413, 7.18869e-10, -0.853399, -0.15069)
bind/4/name = &"Skirt.F.002"
bind/4/bone = -1
bind/4/pose = Transform3D(0.951413, 0, 0, 0, 0.951413, 0, 0, 0, 0.951413, 7.18867e-10, -0.733871, -0.170009)
bind/5/name = &"Skirt.B.R"
bind/5/bone = -1
bind/5/pose = Transform3D(0.951413, 0, 0, 0, 0.951413, 0, 0, 0, 0.951413, 0.057633, -0.984003, 0.0387623)
bind/6/name = &"Skirt.B.R.001"
bind/6/bone = -1
bind/6/pose = Transform3D(0.951413, 0, 0, 0, 0.951413, 0, 0, 0, 0.951413, 0.0843465, -0.871157, 0.0972756)
bind/7/name = &"Skirt.B.R.002"
bind/7/bone = -1
bind/7/pose = Transform3D(0.951413, 0, 0, 0, 0.951413, 0, 0, 0, 0.951413, 0.11106, -0.758309, 0.155789)
bind/8/name = &"Skirt.B.L"
bind/8/bone = -1
bind/8/pose = Transform3D(0.951413, 0, 0, 0, 0.951413, 0, 0, 0, 0.951413, -0.057633, -0.984003, 0.0387623)
bind/9/name = &"Skirt.B.L.001"
bind/9/bone = -1
bind/9/pose = Transform3D(0.951413, 0, 0, 0, 0.951413, 0, 0, 0, 0.951413, -0.0843465, -0.871157, 0.0972756)
bind/10/name = &"Skirt.B.L.002"
bind/10/bone = -1
bind/10/pose = Transform3D(0.951413, 0, 0, 0, 0.951413, 0, 0, 0, 0.951413, -0.11106, -0.758309, 0.155789)
bind/11/name = &"Skirt.S.R"
bind/11/bone = -1
bind/11/pose = Transform3D(0.951413, 0, 0, 0, 0.951413, 0, 0, 0, 0.951413, 0.115838, -0.999653, -0.0281356)
bind/12/name = &"Skirt.S.R.001"
bind/12/bone = -1
bind/12/pose = Transform3D(0.951413, 0, 0, 0, 0.951413, 0, 0, 0, 0.951413, 0.203392, -0.882144, 0.00501351)
bind/13/name = &"Skirt.S.R.002"
bind/13/bone = -1
bind/13/pose = Transform3D(0.951413, 0, 0, 0, 0.951413, 0, 0, 0, 0.951413, 0.290946, -0.764631, 0.0381625)
bind/14/name = &"Skirt.S.L"
bind/14/bone = -1
bind/14/pose = Transform3D(0.951413, 0, 0, 0, 0.951413, 0, 0, 0, 0.951413, -0.115838, -0.999653, -0.0281356)
bind/15/name = &"Skirt.S.L.001"
bind/15/bone = -1
bind/15/pose = Transform3D(0.951413, 0, 0, 0, 0.951413, 0, 0, 0, 0.951413, -0.203392, -0.882144, 0.00501352)
bind/16/name = &"Skirt.S.L.002"
bind/16/bone = -1
bind/16/pose = Transform3D(0.951413, 0, 0, 0, 0.951413, 0, 0, 0, 0.951413, -0.290946, -0.764631, 0.0381626)
bind/17/name = &"Skirt.F.R"
bind/17/bone = -1
bind/17/pose = Transform3D(0.951413, 0, 0, 0, 0.951413, 0, 0, 0, 0.951413, 0.0563565, -0.992902, -0.112214)
bind/18/name = &"Skirt.F.R.001"
bind/18/bone = -1
bind/18/pose = Transform3D(0.951413, 0, 0, 0, 0.951413, 0, 0, 0, 0.951413, 0.136329, -0.863865, -0.143359)
bind/19/name = &"Skirt.F.R.002"
bind/19/bone = -1
bind/19/pose = Transform3D(0.951413, 0, 0, 0, 0.951413, 0, 0, 0, 0.951413, 0.216302, -0.734831, -0.174504)
bind/20/name = &"Skirt.F.L"
bind/20/bone = -1
bind/20/pose = Transform3D(0.951413, 0, 0, 0, 0.951413, 0, 0, 0, 0.951413, -0.0563565, -0.992902, -0.112214)
bind/21/name = &"Skirt.F.L.001"
bind/21/bone = -1
bind/21/pose = Transform3D(0.951413, 0, 0, 0, 0.951413, 0, 0, 0, 0.951413, -0.136329, -0.863865, -0.143359)
bind/22/name = &"Skirt.F.L.002"
bind/22/bone = -1
bind/22/pose = Transform3D(0.951413, 0, 0, 0, 0.951413, 0, 0, 0, 0.951413, -0.216302, -0.734831, -0.174504)
bind/23/name = &"Tail.Root"
bind/23/bone = -1
bind/23/pose = Transform3D(0.951413, 0, 0, 0, 0.951413, 0, 0, 0, 0.951413, -2.69503e-15, -0.941984, 0.011247)
bind/24/name = &"Tail"
bind/24/bone = -1
bind/24/pose = Transform3D(0.951413, 0, 0, 0, 0.951413, 0, 0, 0, 0.951413, 2.71e-16, -0.940928, 0.0460168)
bind/25/name = &"Tail.001"
bind/25/bone = -1
bind/25/pose = Transform3D(0.951413, 0, 0, 0, 0.951413, 0, 0, 0, 0.951413, 2.71e-16, -0.94456, 0.128182)
bind/26/name = &"Tail.002"
bind/26/bone = -1
bind/26/pose = Transform3D(0.951413, 0, 0, 0, 0.951413, 0, 0, 0, 0.951413, 4.03646e-16, -0.974582, 0.177819)
bind/27/name = &"Butt.R"
bind/27/bone = -1
bind/27/pose = Transform3D(0.951413, 0, 0, 0, 0.951413, 0, 0, 0, 0.951413, 0.0758076, -0.882168, 0.0129528)
bind/28/name = &"Butt.L"
bind/28/bone = -1
bind/28/pose = Transform3D(0.951413, 0, 0, 0, 0.951413, 0, 0, 0, 0.951413, -0.0758076, -0.882168, 0.0129528)
bind/29/name = &"RightUpperLeg"
bind/29/bone = -1
bind/29/pose = Transform3D(-0.883623, 0, 0, 0, -0.883623, 0, 0, 0, 0.883623, -0.0879835, 0.821244, -0.0305911)
bind/30/name = &"RightLowerLeg"
bind/30/bone = -1
bind/30/pose = Transform3D(0.944611, 0, 0, 0, -0.944611, 0, 0, 0, -0.944611, 0.0940575, 0.490759, 0.0253162)
bind/31/name = &"RightFoot"
bind/31/bone = -1
bind/31/pose = Transform3D(-0.944546, -0.0048137, 0.00996461, 0.0110664, -0.410861, 0.850506, -3.27655e-18, 0.850565, 0.41089, -0.0935898, 0.0293416, -0.0535111)
bind/32/name = &"RightToes"
bind/32/bone = -1
bind/32/pose = Transform3D(0.944546, 0.0048137, -0.00996461, 0.0110664, -0.410861, 0.850506, 3.27655e-18, -0.850565, -0.41089, 0.0935898, -0.0842523, -0.0111984)
bind/33/name = &"LeftUpperLeg"
bind/33/bone = -1
bind/33/pose = Transform3D(-0.883623, 0, 0, 0, -0.883623, 0, 0, 0, 0.883623, 0.0879835, 0.821244, -0.0305911)
bind/34/name = &"LeftLowerLeg"
bind/34/bone = -1
bind/34/pose = Transform3D(0.944611, 0, 0, 0, -0.944611, 0, 0, 0, -0.944611, -0.0940575, 0.490759, 0.0253162)
bind/35/name = &"LeftFoot"
bind/35/bone = -1
bind/35/pose = Transform3D(-0.944546, 0.0048137, -0.00996461, -0.0110664, -0.410861, 0.850506, 2.45724e-18, 0.850565, 0.41089, 0.0935898, 0.0293416, -0.0535111)
bind/36/name = &"LeftToes"
bind/36/bone = -1
bind/36/pose = Transform3D(0.944546, -0.0048137, 0.00996461, -0.0110664, -0.410861, 0.850506, -2.45724e-18, -0.850565, -0.41089, -0.0935898, -0.0842523, -0.0111984)
bind/37/name = &"Spine"
bind/37/bone = -1
bind/37/pose = Transform3D(0.951413, 0, 0, 0, 0.951413, 0, 0, 0, 1.16575, 5.97088e-16, -0.978435, -0.050687)
bind/38/name = &"Chest"
bind/38/bone = -1
bind/38/pose = Transform3D(1.16065, 0, 0, 0, 0.951413, 0, 0, 0, 1.05065, -2.81251e-15, -1.09441, -0.0500752)
bind/39/name = &"Breasts.R"
bind/39/bone = -1
bind/39/pose = Transform3D(1.16065, 0, 0, 0, 0.951413, 0, 0, 0, 1.05065, 0.0542519, -1.18125, -0.0869275)
bind/40/name = &"Breasts_2.R"
bind/40/bone = -1
bind/40/pose = Transform3D(1.16065, 0, 0, 0, 0.951413, 0, 0, 0, 1.05065, 0.0620551, -1.18716, -0.140192)
bind/41/name = &"Breasts.L"
bind/41/bone = -1
bind/41/pose = Transform3D(1.16065, 0, 0, 0, 0.951413, 0, 0, 0, 1.05065, -0.0542519, -1.18125, -0.0869275)
bind/42/name = &"Breasts_2.L"
bind/42/bone = -1
bind/42/pose = Transform3D(1.16065, 0, 0, 0, 0.951413, 0, 0, 0, 1.05065, -0.0620551, -1.18716, -0.140192)
bind/43/name = &"RightShoulder"
bind/43/bone = -1
bind/43/pose = Transform3D(-1.16645e-16, -2.3329e-16, -1.75504, -1.16033, -0.0274662, 0, -0.0225147, 0.951147, -5.29337e-16, -0.023193, 0.00654619, -1.34134)
bind/44/name = &"RightUpperArm"
bind/44/bone = -1
bind/44/pose = Transform3D(0.067581, 0.0497771, 1.4362, -0.687455, -0.539115, 0.0510336, 0.555481, -0.72559, -0.000990242, -0.0441812, 0.660653, 1.06481)
bind/45/name = &"RightLowerArm"
bind/45/bone = -1
bind/45/pose = Transform3D(-0.653265, 0.853319, 0.00116456, -0.80847, -0.634018, 0.0600172, 0.0794775, 0.0585396, 1.68902, -1.25217, 0.51073, -0.0514225)
bind/46/name = &"RightHand"
bind/46/bone = -1
bind/46/pose = Transform3D(0.0794775, 0.0585396, 1.68902, -0.80847, -0.634018, 0.0600172, 0.653265, -0.853319, -0.00116456, -0.0514355, 0.290412, 1.25218)
bind/47/name = &"RightLittleProximal"
bind/47/bone = -1
bind/47/pose = Transform3D(0.0794775, 0.0585396, 1.68902, -0.80847, -0.634018, 0.0600172, 0.653265, -0.853319, -0.00116456, -0.0214943, 0.227707, 1.25975)
bind/48/name = &"RightLittleIntermediate"
bind/48/bone = -1
bind/48/pose = Transform3D(0.0794775, 0.0585396, 1.68902, -0.80847, -0.634018, 0.0600172, 0.653265, -0.853319, -0.00116456, -0.0214943, 0.19544, 1.25976)
bind/49/name = &"RightLittleDistal"
bind/49/bone = -1
bind/49/pose = Transform3D(0.0794775, 0.0585396, 1.68902, -0.80847, -0.634018, 0.0600172, 0.653265, -0.853319, -0.00116456, -0.0214943, 0.176843, 1.25976)
bind/50/name = &"RightRingProximal"
bind/50/bone = -1
bind/50/pose = Transform3D(0.0794775, 0.0585396, 1.68902, -0.80847, -0.634018, 0.0600172, 0.653265, -0.853319, -0.00116456, -0.0374909, 0.223072, 1.25975)
bind/51/name = &"RightRingIntermediate"
bind/51/bone = -1
bind/51/pose = Transform3D(0.0794775, 0.0585396, 1.68902, -0.80847, -0.634018, 0.0600172, 0.653265, -0.853319, -0.00116456, -0.0374909, 0.187794, 1.25976)
bind/52/name = &"RightRingDistal"
bind/52/bone = -1
bind/52/pose = Transform3D(0.0794775, 0.0585396, 1.68902, -0.80847, -0.634018, 0.0600172, 0.653265, -0.853319, -0.00116456, -0.0374909, 0.167436, 1.25976)
bind/53/name = &"RightMiddleProximal"
bind/53/bone = -1
bind/53/pose = Transform3D(0.0794775, 0.0585396, 1.68902, -0.80847, -0.634018, 0.0600172, 0.653265, -0.853319, -0.00116456, -0.0535363, 0.222295, 1.25975)
bind/54/name = &"RightMiddleIntermediate"
bind/54/bone = -1
bind/54/pose = Transform3D(0.0794775, 0.0585396, 1.68902, -0.80847, -0.634018, 0.0600172, 0.653265, -0.853319, -0.00116456, -0.0535362, 0.184266, 1.25976)
bind/55/name = &"RightMiddleDistal"
bind/55/bone = -1
bind/55/pose = Transform3D(0.0794775, 0.0585396, 1.68902, -0.80847, -0.634018, 0.0600172, 0.653265, -0.853319, -0.00116456, -0.0535363, 0.160805, 1.25976)
bind/56/name = &"RightIndexProximal"
bind/56/bone = -1
bind/56/pose = Transform3D(0.0794775, 0.0585396, 1.68902, -0.80847, -0.634018, 0.0600172, 0.653265, -0.853319, -0.00116456, -0.071608, 0.223211, 1.25976)
bind/57/name = &"RightIndexIntermediate"
bind/57/bone = -1
bind/57/pose = Transform3D(0.0794775, 0.0585396, 1.68902, -0.80847, -0.634018, 0.0600172, 0.653265, -0.853319, -0.00116456, -0.0709448, 0.189076, 1.25975)
bind/58/name = &"RightIndexDistal"
bind/58/bone = -1
bind/58/pose = Transform3D(0.0794775, 0.0585396, 1.68902, -0.80847, -0.634018, 0.0600172, 0.653265, -0.853319, -0.00116456, -0.0701353, 0.16808, 1.25915)
bind/59/name = &"RightThumbMetacarpal"
bind/59/bone = -1
bind/59/pose = Transform3D(1.0141, -0.354188, -0.0326816, -0.270222, -0.885983, 0.896855, -0.188675, -0.429161, -1.42982, 0.911667, 0.801716, 0.421156)
bind/60/name = &"RightThumbProximal"
bind/60/bone = -1
bind/60/pose = Transform3D(1.0141, -0.354188, -0.0326816, -0.270222, -0.885983, 0.896855, -0.188675, -0.429161, -1.42982, 0.909551, 0.754116, 0.425558)
bind/61/name = &"RightThumbDistal"
bind/61/bone = -1
bind/61/pose = Transform3D(1.0141, -0.354188, -0.0326816, -0.270222, -0.885983, 0.896855, -0.188675, -0.429161, -1.42982, 0.908555, 0.724734, 0.426978)
bind/62/name = &"LeftShoulder"
bind/62/bone = -1
bind/62/pose = Transform3D(-1.16645e-16, 2.3329e-16, 1.75504, 1.16033, -0.0274662, 0, 0.0225147, 0.951147, -5.29337e-16, 0.023193, 0.00654619, -1.34134)
bind/63/name = &"LeftUpperArm"
bind/63/bone = -1
bind/63/pose = Transform3D(0.067581, -0.0497771, -1.4362, 0.687455, -0.539115, 0.0510336, -0.555481, -0.72559, -0.000990242, 0.0441812, 0.660653, 1.06481)
bind/64/name = &"LeftLowerArm"
bind/64/bone = -1
bind/64/pose = Transform3D(-0.653265, -0.853319, -0.00116456, 0.80847, -0.634018, 0.0600172, -0.0794775, 0.0585396, 1.68902, 1.25217, 0.51073, -0.0514225)
bind/65/name = &"LeftHand"
bind/65/bone = -1
bind/65/pose = Transform3D(0.0794775, -0.0585396, -1.68902, 0.80847, -0.634018, 0.0600172, -0.653265, -0.853319, -0.00116456, 0.0514355, 0.290412, 1.25218)
bind/66/name = &"LeftLittleProximal"
bind/66/bone = -1
bind/66/pose = Transform3D(0.0794775, -0.0585396, -1.68902, 0.80847, -0.634018, 0.0600172, -0.653265, -0.853319, -0.00116456, 0.0214943, 0.227708, 1.25975)
bind/67/name = &"LeftLittleIntermediate"
bind/67/bone = -1
bind/67/pose = Transform3D(0.0794775, -0.0585396, -1.68902, 0.80847, -0.634018, 0.0600172, -0.653265, -0.853319, -0.00116456, 0.0214943, 0.19544, 1.25976)
bind/68/name = &"LeftLittleDistal"
bind/68/bone = -1
bind/68/pose = Transform3D(0.0794775, -0.0585396, -1.68902, 0.80847, -0.634018, 0.0600172, -0.653265, -0.853319, -0.00116456, 0.0214943, 0.176843, 1.25976)
bind/69/name = &"LeftRingProximal"
bind/69/bone = -1
bind/69/pose = Transform3D(0.0794775, -0.0585396, -1.68902, 0.80847, -0.634018, 0.0600172, -0.653265, -0.853319, -0.00116456, 0.0374909, 0.223072, 1.25975)
bind/70/name = &"LeftRingIntermediate"
bind/70/bone = -1
bind/70/pose = Transform3D(0.0794775, -0.0585396, -1.68902, 0.80847, -0.634018, 0.0600172, -0.653265, -0.853319, -0.00116456, 0.0374909, 0.187794, 1.25976)
bind/71/name = &"LeftRingDistal"
bind/71/bone = -1
bind/71/pose = Transform3D(0.0794775, -0.0585396, -1.68902, 0.80847, -0.634018, 0.0600172, -0.653265, -0.853319, -0.00116456, 0.0374909, 0.167436, 1.25976)
bind/72/name = &"LeftMiddleProximal"
bind/72/bone = -1
bind/72/pose = Transform3D(0.0794775, -0.0585396, -1.68902, 0.80847, -0.634018, 0.0600172, -0.653265, -0.853319, -0.00116456, 0.0535363, 0.222295, 1.25975)
bind/73/name = &"LeftMiddleIntermediate"
bind/73/bone = -1
bind/73/pose = Transform3D(0.0794775, -0.0585396, -1.68902, 0.80847, -0.634018, 0.0600172, -0.653265, -0.853319, -0.00116456, 0.0535362, 0.184266, 1.25976)
bind/74/name = &"LeftMiddleDistal"
bind/74/bone = -1
bind/74/pose = Transform3D(0.0794775, -0.0585396, -1.68902, 0.80847, -0.634018, 0.0600172, -0.653265, -0.853319, -0.00116456, 0.0535363, 0.160805, 1.25976)
bind/75/name = &"LeftIndexProximal"
bind/75/bone = -1
bind/75/pose = Transform3D(0.0794775, -0.0585396, -1.68902, 0.80847, -0.634018, 0.0600172, -0.653265, -0.853319, -0.00116456, 0.071608, 0.22321, 1.25976)
bind/76/name = &"LeftIndexIntermediate"
bind/76/bone = -1
bind/76/pose = Transform3D(0.0794775, -0.0585396, -1.68902, 0.80847, -0.634018, 0.0600172, -0.653265, -0.853319, -0.00116456, 0.0709448, 0.189076, 1.25975)
bind/77/name = &"LeftIndexDistal"
bind/77/bone = -1
bind/77/pose = Transform3D(0.0794775, -0.0585396, -1.68902, 0.80847, -0.634018, 0.0600172, -0.653265, -0.853319, -0.00116456, 0.0701352, 0.16808, 1.25915)
bind/78/name = &"LeftThumbMetacarpal"
bind/78/bone = -1
bind/78/pose = Transform3D(1.0141, 0.354185, 0.0326817, 0.27022, -0.885984, 0.896852, 0.188673, -0.429159, -1.42982, -0.911665, 0.80172, 0.421155)
bind/79/name = &"LeftThumbProximal"
bind/79/bone = -1
bind/79/pose = Transform3D(1.0141, 0.354185, 0.0326817, 0.27022, -0.885984, 0.896852, 0.188673, -0.429159, -1.42982, -0.909548, 0.75412, 0.425557)
bind/80/name = &"LeftThumbDistal"
bind/80/bone = -1
bind/80/pose = Transform3D(1.0141, 0.354185, 0.0326817, 0.27022, -0.885984, 0.896852, 0.188673, -0.429159, -1.42982, -0.908553, 0.724738, 0.426977)
bind/81/name = &"Neck"
bind/81/bone = -1
bind/81/pose = Transform3D(1.16065, 0, 0, 0, 0.951413, 0, 0, 0, 1.05065, 4.50348e-15, -1.34064, 0.0043185)
bind/82/name = &"Head"
bind/82/bone = -1
bind/82/pose = Transform3D(1.16065, 0, 0, 0, 0.951413, 0, 0, 0, 1.05065, 0.000171116, -1.41451, 0.0127711)
bind/83/name = &"Hair.Root"
bind/83/bone = -1
bind/83/pose = Transform3D(1.16065, 0, 0, 0, 0.951413, 0, 0, 0, 1.05065, 0.000171116, -1.55219, -0.0022944)
bind/84/name = &"Hair.Front"
bind/84/bone = -1
bind/84/pose = Transform3D(1.16065, 0, 0, 0, 0.951413, 0, 0, 0, 1.05065, 0.000171116, -1.61713, -0.0916166)
bind/85/name = &"Hair.Middle.R"
bind/85/bone = -1
bind/85/pose = Transform3D(1.16065, 0, 0, 0, 0.951413, 0, 0, 0, 1.05065, 0.0308845, -1.58556, -0.121162)
bind/86/name = &"Hair.Middle.R.001"
bind/86/bone = -1
bind/86/pose = Transform3D(1.16065, 0, 0, 0, 0.951413, 0, 0, 0, 1.05065, 0.0331468, -1.55592, -0.119166)
bind/87/name = &"Hair.Middle.L"
bind/87/bone = -1
bind/87/pose = Transform3D(1.16065, 0, 0, 0, 0.951413, 0, 0, 0, 1.05065, -0.0308371, -1.58556, -0.121162)
bind/88/name = &"Hair.Middle.L.001"
bind/88/bone = -1
bind/88/pose = Transform3D(1.16065, 0, 0, 0, 0.951413, 0, 0, 0, 1.05065, -0.0330994, -1.55592, -0.119166)
bind/89/name = &"Hair.Side.R"
bind/89/bone = -1
bind/89/pose = Transform3D(1.16065, 0, 0, 0, 0.951413, 0, 0, 0, 1.05065, 0.077811, -1.5603, -0.100323)
bind/90/name = &"Hair.Side.R.001"
bind/90/bone = -1
bind/90/pose = Transform3D(1.16065, 0, 0, 0, 0.951413, 0, 0, 0, 1.05065, 0.0800732, -1.52339, -0.0977444)
bind/91/name = &"Hair.Side.L"
bind/91/bone = -1
bind/91/pose = Transform3D(1.16065, 0, 0, 0, 0.951413, 0, 0, 0, 1.05065, -0.0777636, -1.5603, -0.100323)
bind/92/name = &"Hair.Side.L.001"
bind/92/bone = -1
bind/92/pose = Transform3D(1.16065, 0, 0, 0, 0.951413, 0, 0, 0, 1.05065, -0.0800258, -1.52339, -0.0977444)
bind/93/name = &"Hair.Back"
bind/93/bone = -1
bind/93/pose = Transform3D(1.16065, 0, 0, 0, 0.951413, 0, 0, 0, 1.05065, 0.000171116, -1.4919, 0.0684604)
bind/94/name = &"Hair.Back.001"
bind/94/bone = -1
bind/94/pose = Transform3D(1.16065, 0, 0, 0, 0.951413, 0, 0, 0, 1.05065, 0.000171116, -1.43203, 0.0727103)
bind/95/name = &"Ahoge"
bind/95/bone = -1
bind/95/pose = Transform3D(1.16065, 0, 0, 0, 0.951413, 0, 0, 0, 1.05065, 0.000171116, -1.67013, -0.0143731)
bind/96/name = &"Ahoge.001"
bind/96/bone = -1
bind/96/pose = Transform3D(1.16065, 0, 0, 0, 0.951413, 0, 0, 0, 1.05065, 0.0153961, -1.6863, -0.0123835)
bind/97/name = &"Ahoge.002"
bind/97/bone = -1
bind/97/pose = Transform3D(1.16065, 0, 0, 0, 0.951413, 0, 0, 0, 1.05065, 0.039419, -1.69555, -0.000946713)
bind/98/name = &"SideBang.R"
bind/98/bone = -1
bind/98/pose = Transform3D(1.16065, 0, 0, 0, 0.951413, 0, 0, 0, 1.05065, 0.104634, -1.53417, -0.0350284)
bind/99/name = &"SideBang.R.001"
bind/99/bone = -1
bind/99/pose = Transform3D(1.16065, 0, 0, 0, 0.951413, 0, 0, 0, 1.05065, 0.098056, -1.48346, -0.0359511)
bind/100/name = &"SideBang.R.002"
bind/100/bone = -1
bind/100/pose = Transform3D(1.16065, 0, 0, 0, 0.951413, 0, 0, 0, 1.05065, 0.0914778, -1.43274, -0.0403955)
bind/101/name = &"SideBang.R.003"
bind/101/bone = -1
bind/101/pose = Transform3D(1.16065, 0, 0, 0, 0.951413, 0, 0, 0, 1.05065, 0.0862707, -1.38202, -0.0566353)
bind/102/name = &"SideBang.R.004"
bind/102/bone = -1
bind/102/pose = Transform3D(1.16065, 0, 0, 0, 0.951413, 0, 0, 0, 1.05065, 0.0826202, -1.34222, -0.0796115)
bind/103/name = &"SideBang.L"
bind/103/bone = -1
bind/103/pose = Transform3D(1.16065, 0, 0, 0, 0.951413, 0, 0, 0, 1.05065, -0.104586, -1.53417, -0.0350284)
bind/104/name = &"SideBang.L.001"
bind/104/bone = -1
bind/104/pose = Transform3D(1.16065, 0, 0, 0, 0.951413, 0, 0, 0, 1.05065, -0.0980086, -1.48346, -0.0359511)
bind/105/name = &"SideBang.L.002"
bind/105/bone = -1
bind/105/pose = Transform3D(1.16065, 0, 0, 0, 0.951413, 0, 0, 0, 1.05065, -0.0914304, -1.43274, -0.0403955)
bind/106/name = &"SideBang.L.003"
bind/106/bone = -1
bind/106/pose = Transform3D(1.16065, 0, 0, 0, 0.951413, 0, 0, 0, 1.05065, -0.0862233, -1.38202, -0.0566353)
bind/107/name = &"SideBang.L.004"
bind/107/bone = -1
bind/107/pose = Transform3D(1.16065, 0, 0, 0, 0.951413, 0, 0, 0, 1.05065, -0.0825728, -1.34222, -0.0796115)
bind/108/name = &"Ear.Root"
bind/108/bone = -1
bind/108/pose = Transform3D(1.16065, 0, 0, 0, 0.951413, 0, 0, 0, 1.05065, 0.000171116, -1.53873, 0.00788315)
bind/109/name = &"Ear.R"
bind/109/bone = -1
bind/109/pose = Transform3D(1.16065, 0, 0, 0, 0.951413, 0, 0, 0, 1.05065, 0.087893, -1.525, -0.00506679)
bind/110/name = &"Ear.R.001"
bind/110/bone = -1
bind/110/pose = Transform3D(1.16065, 0, 0, 0, 0.951413, 0, 0, 0, 1.05065, 0.128812, -1.49187, 0.00566506)
bind/111/name = &"Ear.R.002"
bind/111/bone = -1
bind/111/pose = Transform3D(1.16065, 0, 0, 0, 0.951413, 0, 0, 0, 1.05065, 0.152453, -1.46714, 0.00663982)
bind/112/name = &"Ear.L"
bind/112/bone = -1
bind/112/pose = Transform3D(1.16065, 0, 0, 0, 0.951413, 0, 0, 0, 1.05065, -0.0878456, -1.525, -0.00506679)
bind/113/name = &"Ear.L.001"
bind/113/bone = -1
bind/113/pose = Transform3D(1.16065, 0, 0, 0, 0.951413, 0, 0, 0, 1.05065, -0.128764, -1.49187, 0.00566506)
bind/114/name = &"Ear.L.002"
bind/114/bone = -1
bind/114/pose = Transform3D(1.16065, 0, 0, 0, 0.951413, 0, 0, 0, 1.05065, -0.152405, -1.46714, 0.00663982)
bind/115/name = &"RightEye"
bind/115/bone = -1
bind/115/pose = Transform3D(1.16065, 0, 0, 0, -2.3329e-16, 1.05065, 0, -0.951413, -2.11256e-16, 0.0179472, -0.00922758, 1.4788)
bind/116/name = &"LeftEye"
bind/116/bone = -1
bind/116/pose = Transform3D(1.16065, 0, 0, 0, -2.3329e-16, 1.05065, 0, -0.951413, -2.11256e-16, -0.017605, -0.00922757, 1.4788)
metadata/orig_skin = SubResource("Skin_6lcym")

